Vector Kr : 
221
171
7
207
75
127
91
94
125
172
163
234
211
88
35
138
2
6
79
193
176
60
155
210
212
250
42
139
6
89
142
90
18
1
146
96
247
128
207
42
192
79
162
4
90
3
20
161
11
225
224
10
164
120
117
159
94
24
177
40
233
85
246
182
29
168
85
102
5
188
24
250
45
171
14
147
118
247
213
194
121
63
253
134
29
64
231
105
232
13
135
136
83
35
139
59
46
66
15
195
158
2
60
187
251
138
121
253
152
96
242
66
238
214
43
10
163
126
221
132
247
15
134
248
155
26
71
79
191
251
109
49
2
131
214
29
221
118
101
201
28
12
23
75
118
3
144
236
74
72
51
54
114
9
238
56
253
17
81
42
75
233
149
235
13
112
0
105
74
137
42
107
233
11
187
89
87
187
42
23
8
38
237
174
45
65
43
49
142
187
27
87
85
28
Vector Kc : 
238
217
104
136
0
204
29
103
187
156
178
41
196
123
223
80
234
153
70
210
14
135
150
114
131
177
126
224
82
193
121
144
103
50
208
44
77
168
77
74
243
209
112
99
147
68
38
24
183
15
15
214
5
60
122
30
103
253
208
129
29
253
56
36
239
192
52
24
112
39
170
201
214
152
200
200
140
157
48
221
78
87
181
44
83
32
184
201
69
162
105
254
160
227
233
83
69
16
39
203
176
4
82
139
51
43
21
181
93
189
196
207
44
165
114
126
14
118
200
1
224
22
33
210
244
180
100
228
125
145
ITER_MAX : 
1
